---
- added: 8
  cycles: 1
  deleted: 8
  inserted: 8
  seconds: 349.153649806
  version: 0.53.6
  what: judges-summary
  when: 2025-09-16 05:24:09.856567206 Z
- _id: 1
  _job: 17755375077
  _time: 2025-09-16 05:18:22.566594353 Z
  _version: 0.16.3/0.53.6/0.15.42
  details: The issue yegor256/qulice#1378 has been closed by @fabriciofx.
  event_id: 54675320469
  event_type: IssuesEvent
  issue: 1378
  repository: 9580168
  what: issue-was-closed
  when: 2025-09-14 17:59:06.000000000 Z
  where: github
  who: 1964562
- _id: 2
  _job: 17755375077
  _time: 2025-09-16 05:18:22.710850730 Z
  _version: 0.16.3/0.53.6/0.15.42
  details: The issue yegor256/qulice#1377 has been closed by @fabriciofx.
  event_id: 54675311718
  event_type: IssuesEvent
  issue: 1377
  repository: 9580168
  what: issue-was-closed
  when: 2025-09-14 17:58:28.000000000 Z
  where: github
  who: 1964562
- _id: 3
  _job: 17755375077
  _time: 2025-09-16 05:20:40.095375366 Z
  _version: 0.16.3/0.53.6/0.15.42
  events_were_scanned: 54675320549
  repository: 9580168
  what: iterate
  where: github
- _id: 4
  _job: 17755375077
  _time: 2025-09-16 05:20:40.275969574 Z
  _version: 0.16.3/0.53.6/0.15.42
  total_active_contributors: 4
  total_commits: 2144
  total_contributors: 51
  total_files: 426
  total_forks: 118
  total_issues: 828
  total_pulls: 553
  total_releases: 73
  total_repositories: 1
  total_stars: 307
  what: dimensions-of-terrain
  when: 2025-09-16 05:20:40.281361283 Z
- _id: 5
  _job: 17755375077
  _time: 2025-09-16 05:20:42.352937825 Z
  _version: 0.16.3/0.53.6/0.15.42
  since: 2025-08-19 05:20:42.353084259 Z
  total_builds_ran: 378
  total_commits_pushed: 30
  total_hoc_committed: 1933
  total_issues_created: 13
  total_pulls_submitted: 9
  total_releases_published: 1
  total_reviews_submitted: 3
  what: quantity-of-deliverables
  when: 2025-09-16 05:20:42.353058832 Z
- _id: 6
  _job: 17755375077
  _time: 2025-09-16 05:23:21.420290259 Z
  _version: 0.16.3/0.53.6/0.15.42
  average_backlog_size: 154.71428571428572
  average_build_duration: 34.40983606557377
  average_build_mttr: -63293
  average_build_success_rate: 0.9344262295081968
  average_issue_lifetime: 112393.57142857143
  average_pull_files_size: 3.3636363636363638
  average_pull_hoc_size: 80.36363636363636
  average_pull_lifetime: 982061.3846153846
  average_pull_rejection_rate: 0.15384615384615385
  average_release_commits_size: 0
  average_release_hoc_size: 0
  average_release_interval: 0
  average_review_size: 0.0
  average_review_time: 4263.333333333333
  average_reviewers_per_pull: 0.2727272727272727
  average_reviews_per_pull: 0.2727272727272727
  average_triage_time: 0
  since: 2025-08-19 05:23:21.420436523 Z
  what: quality-of-service
  when: 2025-09-16 05:23:21.420410995 Z
